0,1417428469,0,0,0,0
1,1417428469,0,0,1,0
2,1417428469,0,0,2,141
3,1417428469,0,0,3,0
4,1417428469,0,0,4,57
5,1417428469,0,0,5,598
6,1417428469,0,0,6,300
7,1417428469,0,0,7,47
8,1417428469,0,1,0,0
9,1417428469,0,1,1,54
10,1417428469,0,1,2,142
11,1417428469,0,1,3,298
12,1417428469,0,1,4,0
13,1417428469,0,1,5,0
14,1417428469,0,1,6,0
15,1417428469,0,1,7,0
16,1417428469,0,1,8,0
17,1417428469,0,1,9,0
18,1417428469,0,1,10,34
19,1417428469,0,1,11,30
20,1417428469,0,1,12,21
21,1417428469,0,2,0,1210
22,1417428469,0,2,1,74
23,1417428469,0,2,2,66
24,1417428469,0,2,3,0
25,1417428469,0,2,4,157
26,1417428469,0,2,5,895
27,1417428469,0,2,6,1209
28,1417428469,0,2,7,0
29,1417428469,0,2,8,0
30,1417428469,0,2,9,0
31,1417428469,0,3,0,799
32,1417428469,0,3,1,0
33,1417428469,0,3,2,0
34,1417428469,0,3,3,0
35,1417428469,0,3,4,45
36,1417428469,0,3,5,0
37,1417428469,0,3,6,0
38,1417428469,0,3,7,0
39,1417428469,0,3,8,300
40,1417428469,0,3,9,0
41,1417428469,0,3,10,600
42,1417428469,1,0,0,308
43,1417428469,1,0,1,0
44,1417428469,1,0,2,896
45,1417428469,1,0,3,0
46,1417428469,1,0,4,0
47,1417428469,1,0,5,0
48,1417428469,1,0,6,0
49,1417428469,1,0,7,36
50,1417428469,1,0,8,600
51,1417428469,1,0,9,0
52,1417428469,1,0,10,62
53,1417428469,1,0,11,0
54,1417428469,1,1,0,0
55,1417428469,1,1,1,0
56,1417428469,1,1,2,26
57,1417428469,1,1,3,70
58,1417428469,1,1,4,0
59,1417428469,1,1,5,32
60,1417428469,1,1,6,0
61,1417428469,1,1,7,0
62,1417428469,1,2,0,0
63,1417428469,1,2,1,0
64,1417428469,1,2,2,0
65,1417428469,1,2,3,0
66,1417428469,1,2,4,0
67,1417428469,1,2,5,0
68,1417428469,1,3,0,808
69,1417428469,1,3,1,76
70,1417428469,1,3,2,0
71,1417428469,1,3,3,0
72,1417428469,1,3,4,1193
73,1417428469,1,3,5,0
74,1417428469,1,3,6,808
75,1417428469,1,3,7,0
76,1417428469,2,0,0,0
77,1417428469,2,0,1,27
78,1417428469,2,0,2,594
79,1417428469,2,0,3,0
80,1417428469,2,0,4,40
81,1417428469,2,0,5,0
82,1417428469,2,0,6,0
83,1417428469,2,1,0,0
84,1417428469,2,1,1,906
85,1417428469,2,1,2,24
86,1417428469,2,1,3,0
87,1417428469,2,1,4,0
88,1417428469,2,1,5,0
89,1417428469,2,1,6,296
90,1417428469,2,1,7,69
91,1417428469,2,1,8,0
92,1417428469,2,1,9,0
93,1417428469,2,2,0,1205
94,1417428469,2,2,1,0
95,1417428469,2,2,2,153
96,1417428469,2,2,3,290
97,1417428469,2,2,4,0
98,1417428469,2,2,5,29
99,1417428469,2,2,6,63
100,1417428469,2,2,7,0
101,1417428469,2,2,8,0
102,1417428469,2,2,9,0
103,1417428469,2,2,10,0
104,1417428469,2,2,11,59
105,1417428469,2,3,0,0
106,1417428469,2,3,1,900
107,1417428469,2,3,2,0
108,1417428469,2,3,3,0
109,1417428469,2,3,4,51
110,1417428469,2,3,5,303
111,1417428469,2,3,6,79
112,1417428469,2,3,7,69
113,1417428469,2,4,0,0
114,1417428469,2,4,1,31
115,1417428469,2,4,2,600
116,1417428469,2,4,3,0
117,1417428469,2,4,4,0
118,1417428469,2,4,5,26
119,1417428469,2,4,6,39
120,1417428469,2,4,7,0
121,1417428469,2,4,8,797
122,1417428469,2,5,0,0
123,1417428469,2,5,1,0
124,1417428469,2,5,2,0
125,1417428469,2,5,3,0
126,1417428469,2,5,4,806
127,1417428469,2,6,0,1203
128,1417428469,2,6,1,74
129,1417428469,2,6,2,810
130,1417428469,2,6,3,0
131,1417428469,2,6,4,0
132,1417428469,2,6,5,1208
133,1417428469,2,6,6,0
134,1417428469,2,6,7,64
135,1417428469,2,6,8,21
136,1417428469,2,6,9,292
137,1417428469,2,6,10,1198
138,1417428469,3,0,0,905
139,1417428469,3,0,1,600
140,1417428469,3,0,2,809
141,1417428469,3,0,3,0
142,1417428469,3,0,4,0
143,1417428469,3,0,5,0
144,1417428469,3,0,6,0
145,1417428469,3,0,7,0
146,1417428469,3,1,0,898
147,1417428469,3,1,1,156
148,1417428469,3,1,2,601
149,1417428469,3,1,3,0
150,1417428469,3,1,4,0
151,1417428469,3,1,5,0
152,1417428469,3,1,6,0
153,1417428469,3,1,7,0
154,1417428469,3,1,8,0
155,1417428469,3,1,9,0
156,1417428469,3,1,10,1199
157,1417428469,3,2,0,141
158,1417428469,3,2,1,25
159,1417428469,3,2,2,0
160,1417428469,3,2,3,0
161,1417428469,3,2,4,0
162,1417428469,3,2,5,0
163,1417428469,3,2,6,0
164,1417428469,3,2,7,59
165,1417428469,3,2,8,0
166,1417428469,3,2,9,606
167,1417428469,3,2,10,1197
168,1417428469,3,3,0,30
169,1417428469,3,3,1,150
170,1417428469,3,3,2,65
171,1417428469,3,3,3,810
172,1417428469,3,3,4,0
173,1417428469,3,3,5,809
174,1417428469,3,3,6,41
175,1417428469,3,4,0,1192
176,1417428469,3,4,1,20
177,1417428469,3,4,2,0
178,1417428469,3,4,3,0
179,1417428469,3,4,4,24
180,1417428469,3,4,5,0
181,1417428469,3,4,6,39
182,1417428469,3,4,7,0
183,1417428469,3,4,8,69
184,1417428469,3,4,9,0
185,1417428469,3,4,10,607
186,1417428469,3,5,0,0
187,1417428469,3,5,1,0
188,1417428469,3,5,2,1194
189,1417428469,3,5,3,58
190,1417428469,3,5,4,0
191,1417428469,3,5,5,0
192,1417428469,3,5,6,0
193,1417428469,4,0,0,35
194,1417428469,4,0,1,35
195,1417428469,4,0,2,0
196,1417428469,4,0,3,0
197,1417428469,4,0,4,141
198,1417428469,4,0,5,41
199,1417428469,4,0,6,0
200,1417428469,4,0,7,0
201,1417428469,4,0,8,140
202,1417428469,4,0,9,0
203,1417428469,4,1,0,1195
204,1417428469,4,1,1,0
205,1417428469,4,1,2,0
206,1417428469,4,1,3,310
207,1417428469,4,1,4,44
208,1417428469,4,1,5,903
209,1417428469,4,1,6,0
210,1417428469,4,1,7,155
211,1417428469,4,1,8,1195
212,1417428469,4,1,9,0
213,1417428469,4,1,10,151
214,1417428469,4,1,11,0
215,1417428469,4,2,0,0
216,1417428469,4,2,1,40
217,1417428469,4,2,2,0
218,1417428469,4,2,3,0
219,1417428469,4,2,4,0
220,1417428469,4,2,5,609
221,1417428469,4,2,6,0
222,1417428469,4,3,0,0
223,1417428469,4,3,1,796
224,1417428469,4,3,2,0
225,1417428469,4,3,3,70
226,1417428469,4,3,4,0
227,1417428469,4,3,5,0
228,1417428469,4,3,6,0
229,1417428469,4,3,7,0
230,1417428469,4,3,8,602
231,1417428469,4,3,9,1194
232,1417428469,4,3,10,0
233,1417428469,4,3,11,602
234,1417428469,4,4,0,798
235,1417428469,4,4,1,0
236,1417428469,4,4,2,71
237,1417428469,4,4,3,0
238,1417428469,4,4,4,303
239,1417428469,4,4,5,155
240,1417428469,4,4,6,905
241,1417428469,4,4,7,0
242,1417428469,4,4,8,0
243,1417428469,4,4,9,1199
244,1417428469,4,4,10,35
245,1417428469,4,5,0,0
246,1417428469,4,5,1,0
247,1417428469,4,5,2,0
248,1417428469,4,5,3,0
249,1417428469,4,5,4,0
250,1417428469,4,5,5,796
251,1417428469,4,5,6,799
252,1417428469,4,5,7,0
253,1417428469,4,6,0,59
254,1417428469,4,6,1,152
255,1417428469,4,6,2,0
256,1417428469,4,6,3,0
257,1417428469,4,6,4,0
258,1417428469,4,6,5,298
259,1417428469,4,6,6,0
260,1417428469,4,7,0,599
261,1417428469,4,7,1,1209
262,1417428469,4,7,2,0
263,1417428469,4,7,3,0
264,1417428469,4,7,4,40
265,1417428469,4,7,5,0
266,1417428469,4,7,6,893
267,1417428469,4,7,7,58
268,1417428469,4,7,8,906
269,1417428469,4,7,9,153
270,1417428469,4,7,10,0
271,1417428469,4,7,11,305
272,1417428469,4,7,12,0
273,1417428469,4,7,13,891
274,1417428469,4,8,0,0
275,1417428469,4,8,1,62
276,1417428469,4,8,2,153
277,1417428469,4,8,3,0
278,1417428469,4,8,4,0
279,1417428469,4,8,5,0
280,1417428469,4,8,6,45
281,1417428469,5,0,0,44
282,1417428469,5,0,1,0
283,1417428469,5,0,2,21
284,1417428469,5,0,3,0
285,1417428469,5,0,4,78
286,1417428469,5,0,5,43
287,1417428469,5,0,6,0
288,1417428469,5,0,7,0
289,1417428469,5,0,8,0
290,1417428469,5,0,9,0
291,1417428469,5,1,0,50
292,1417428469,5,1,1,70
293,1417428469,5,1,2,0
294,1417428469,5,1,3,610
295,1417428469,5,1,4,0
296,1417428469,5,1,5,602
297,1417428469,5,1,6,605
298,1417428469,5,1,7,26
299,1417428469,5,1,8,0
300,1417428469,5,1,9,0
301,1417428469,5,1,10,19
302,1417428469,5,2,0,0
303,1417428469,5,2,1,0
304,1417428469,5,2,2,904
305,1417428469,5,2,3,0
306,1417428469,5,2,4,793
307,1417428469,5,2,5,48
308,1417428469,5,2,6,0
309,1417428469,5,2,7,158
310,1417428469,5,2,8,30
311,1417428469,5,2,9,598
312,1417428469,6,0,0,595
313,1417428469,6,0,1,899
314,1417428469,6,0,2,805
315,1417428469,6,0,3,0
316,1417428469,6,0,4,1202
317,1417428469,6,0,5,1193
318,1417428469,6,0,6,0
319,1417428469,6,1,0,151
320,1417428469,6,1,1,0
321,1417428469,6,1,2,0
322,1417428469,6,1,3,797
323,1417428469,6,1,4,302
324,1417428469,6,1,5,0
325,1417428469,6,1,6,31
326,1417428469,6,1,7,0
327,1417428469,6,2,0,0
328,1417428469,6,2,1,0
329,1417428469,6,2,2,0
330,1417428469,6,2,3,298
331,1417428469,6,2,4,0
332,1417428469,6,2,5,896
333,1417428469,6,2,6,0
334,1417428469,6,2,7,291
335,1417428469,6,2,8,791
336,1417428469,6,2,9,0
337,1417428469,6,2,10,0
338,1417428469,6,2,11,0
339,1417428469,6,2,12,306
340,1417428469,6,2,13,0
341,1417428469,6,2,14,1197
342,1417428469,6,3,0,79
343,1417428469,6,3,1,0
344,1417428469,6,3,2,908
345,1417428469,6,3,3,0
346,1417428469,6,3,4,0
347,1417428469,6,3,5,0
348,1417428469,6,3,6,0
349,1417428469,6,3,7,0
350,1417428469,6,4,0,152
351,1417428469,6,4,1,0
352,1417428469,6,4,2,0
353,1417428469,6,4,3,1204
354,1417428469,6,4,4,598
355,1417428469,6,4,5,0
356,1417428469,6,5,0,596
357,1417428469,6,5,1,32
358,1417428469,6,5,2,0
359,1417428469,6,5,3,32
360,1417428469,6,5,4,296
361,1417428469,6,5,5,602
362,1417428469,6,5,6,290
363,1417428469,6,5,7,34
364,1417428469,6,5,8,0
365,1417428469,6,5,9,157
366,1417428469,6,5,10,0
367,1417428469,7,0,0,304
368,1417428469,7,0,1,77
369,1417428469,7,0,2,0
370,1417428469,7,0,3,47
371,1417428469,7,0,4,0
372,1417428469,7,1,0,0
373,1417428469,7,1,1,0
374,1417428469,7,1,2,31
375,1417428469,7,1,3,0
376,1417428469,7,1,4,0
377,1417428469,7,1,5,0
378,1417428469,7,1,6,41
379,1417428469,7,1,7,141
380,1417428469,7,1,8,808
381,1417428469,7,1,9,590
382,1417428469,7,1,10,0
383,1417428469,7,2,0,0
384,1417428469,7,2,1,604
385,1417428469,7,2,2,608
386,1417428469,7,2,3,902
387,1417428469,7,2,4,0
388,1417428469,7,2,5,0
389,1417428469,7,3,0,809
390,1417428469,7,3,1,0
391,1417428469,7,3,2,0
392,1417428469,7,3,3,0
393,1417428469,7,3,4,46
394,1417428469,7,3,5,0
395,1417428469,7,3,6,33
396,1417428469,7,3,7,1190
397,1417428469,7,4,0,72
398,1417428469,7,4,1,0
399,1417428469,7,4,2,151
400,1417428469,7,4,3,0
401,1417428469,7,4,4,809
402,1417428469,7,5,0,807
403,1417428469,7,5,1,0
404,1417428469,7,5,2,68
405,1417428469,7,5,3,76
406,1417428469,7,5,4,0
407,1417428469,7,5,5,0
408,1417428469,7,5,6,1198
409,1417428469,7,5,7,0
410,1417428469,7,6,0,298
411,1417428469,7,6,1,160
412,1417428469,7,6,2,810
413,1417428469,7,6,3,0
414,1417428469,7,6,4,0
415,1417428469,7,6,5,0
416,1417428469,7,6,6,27
417,1417428469,8,0,0,602
418,1417428469,8,0,1,807
419,1417428469,8,0,2,0
420,1417428469,8,0,3,0
421,1417428469,8,0,4,0
422,1417428469,8,0,5,0
423,1417428469,8,0,6,606
424,1417428469,8,0,7,24
425,1417428469,8,0,8,804
426,1417428469,8,0,9,0
427,1417428469,8,1,0,0
428,1417428469,8,1,1,58
429,1417428469,8,1,2,0
430,1417428469,8,1,3,23
431,1417428469,8,1,4,0
432,1417428469,8,1,5,0
433,1417428469,8,1,6,0
434,1417428469,8,1,7,1208
435,1417428469,8,2,0,792
436,1417428469,8,2,1,0
437,1417428469,8,2,2,890
438,1417428469,8,2,3,300
439,1417428469,8,2,4,153
440,1417428469,8,2,5,0
441,1417428469,8,2,6,0
442,1417428469,8,2,7,0
443,1417428469,8,2,8,79
444,1417428469,8,2,9,0
445,1417428469,8,3,0,801
446,1417428469,8,3,1,55
447,1417428469,8,3,2,0
448,1417428469,8,3,3,0
449,1417428469,8,3,4,301
450,1417428469,8,3,5,0
451,1417428469,8,3,6,0
452,1417428469,8,3,7,0
453,1417428469,8,3,8,795
454,1417428469,9,0,0,306
455,1417428469,9,0,1,0
456,1417428469,9,0,2,0
457,1417428469,9,0,3,0
458,1417428469,9,0,4,0
459,1417428469,9,0,5,44
460,1417428469,9,0,6,0
461,1417428469,9,0,7,0
462,1417428469,9,1,0,598
463,1417428469,9,1,1,896
464,1417428469,9,1,2,33
465,1417428469,9,1,3,0
466,1417428469,9,1,4,1198
467,1417428469,9,1,5,0
468,1417428469,9,1,6,141
469,1417428469,9,1,7,15
470,1417428469,9,1,8,0
471,1417428469,9,1,9,0
472,1417428470,0,0,0,26
473,1417428470,0,0,1,0
474,1417428470,0,0,2,146
475,1417428470,0,0,3,0
476,1417428470,0,0,4,57
477,1417428470,0,0,5,595
478,1417428470,0,0,6,297
479,1417428470,0,0,7,54
480,1417428470,0,1,0,58
481,1417428470,0,1,1,56
482,1417428470,0,1,2,144
483,1417428470,0,1,3,304
484,1417428470,0,1,4,0
485,1417428470,0,1,5,1200
486,1417428470,0,1,6,0
487,1417428470,0,1,7,598
488,1417428470,0,1,8,0
489,1417428470,0,1,9,0
490,1417428470,0,1,10,27
491,1417428470,0,1,11,25
492,1417428470,0,1,12,19
493,1417428470,0,2,0,1198
494,1417428470,0,2,1,63
495,1417428470,0,2,2,76
496,1417428470,0,2,3,69
497,1417428470,0,2,4,158
498,1417428470,0,2,5,897
499,1417428470,0,2,6,1205
500,1417428470,0,2,7,893
501,1417428470,0,2,8,0
502,1417428470,0,2,9,26
503,1417428470,0,3,0,804
504,1417428470,0,3,1,0
505,1417428470,0,3,2,55
506,1417428470,0,3,3,140
507,1417428470,0,3,4,34
508,1417428470,0,3,5,0
509,1417428470,0,3,6,0
510,1417428470,0,3,7,0
511,1417428470,0,3,8,307
512,1417428470,0,3,9,1198
513,1417428470,0,3,10,601
514,1417428470,1,0,0,294
515,1417428470,1,0,1,0
516,1417428470,1,0,2,894
517,1417428470,1,0,3,0
518,1417428470,1,0,4,0
519,1417428470,1,0,5,0
520,1417428470,1,0,6,0
521,1417428470,1,0,7,32
522,1417428470,1,0,8,604
523,1417428470,1,0,9,157
524,1417428470,1,0,10,71
525,1417428470,1,0,11,27
526,1417428470,1,1,0,0
527,1417428470,1,1,1,78
528,1417428470,1,1,2,29
529,1417428470,1,1,3,61
530,1417428470,1,1,4,0
531,1417428470,1,1,5,31
532,1417428470,1,1,6,602
533,1417428470,1,1,7,791
534,1417428470,1,2,0,0
535,1417428470,1,2,1,0
536,1417428470,1,2,2,0
537,1417428470,1,2,3,603
538,1417428470,1,2,4,0
539,1417428470,1,2,5,0
540,1417428470,1,3,0,806
541,1417428470,1,3,1,61
542,1417428470,1,3,2,799
543,1417428470,1,3,3,21
544,1417428470,1,3,4,1201
545,1417428470,1,3,5,0
546,1417428470,1,3,6,797
547,1417428470,1,3,7,0
548,1417428470,2,0,0,148
549,1417428470,2,0,1,32
550,1417428470,2,0,2,590
551,1417428470,2,0,3,1206
552,1417428470,2,0,4,41
553,1417428470,2,0,5,0
554,1417428470,2,0,6,0
555,1417428470,2,1,0,0
556,1417428470,2,1,1,894
557,1417428470,2,1,2,30
558,1417428470,2,1,3,0
559,1417428470,2,1,4,297
560,1417428470,2,1,5,0
561,1417428470,2,1,6,309
562,1417428470,2,1,7,65
563,1417428470,2,1,8,0
564,1417428470,2,1,9,156
565,1417428470,2,2,0,1203
566,1417428470,2,2,1,0
567,1417428470,2,2,2,140
568,1417428470,2,2,3,307
569,1417428470,2,2,4,0
570,1417428470,2,2,5,16
571,1417428470,2,2,6,77
572,1417428470,2,2,7,0
573,1417428470,2,2,8,140
574,1417428470,2,2,9,1197
575,1417428470,2,2,10,0
576,1417428470,2,2,11,56
577,1417428470,2,3,0,0
578,1417428470,2,3,1,906
579,1417428470,2,3,2,79
580,1417428470,2,3,3,145
581,1417428470,2,3,4,56
582,1417428470,2,3,5,290
583,1417428470,2,3,6,67
584,1417428470,2,3,7,66
585,1417428470,2,4,0,0
586,1417428470,2,4,1,34
587,1417428470,2,4,2,597
588,1417428470,2,4,3,74
589,1417428470,2,4,4,17
590,1417428470,2,4,5,27
591,1417428470,2,4,6,25
592,1417428470,2,4,7,0
593,1417428470,2,4,8,808
594,1417428470,2,5,0,1205
595,1417428470,2,5,1,31
596,1417428470,2,5,2,148
597,1417428470,2,5,3,893
598,1417428470,2,5,4,799
599,1417428470,2,6,0,1193
600,1417428470,2,6,1,76
601,1417428470,2,6,2,806
602,1417428470,2,6,3,891
603,1417428470,2,6,4,31
604,1417428470,2,6,5,1194
605,1417428470,2,6,6,0
606,1417428470,2,6,7,71
607,1417428470,2,6,8,19
608,1417428470,2,6,9,295
609,1417428470,2,6,10,1210
610,1417428470,3,0,0,903
611,1417428470,3,0,1,603
612,1417428470,3,0,2,791
613,1417428470,3,0,3,160
614,1417428470,3,0,4,0
615,1417428470,3,0,5,808
616,1417428470,3,0,6,0
617,1417428470,3,0,7,44
618,1417428470,3,1,0,893
619,1417428470,3,1,1,155
620,1417428470,3,1,2,593
621,1417428470,3,1,3,0
622,1417428470,3,1,4,794
623,1417428470,3,1,5,0
624,1417428470,3,1,6,0
625,1417428470,3,1,7,49
626,1417428470,3,1,8,0
627,1417428470,3,1,9,904
628,1417428470,3,1,10,1200
629,1417428470,3,2,0,145
630,1417428470,3,2,1,21
631,1417428470,3,2,2,0
632,1417428470,3,2,3,0
633,1417428470,3,2,4,70
634,1417428470,3,2,5,18
635,1417428470,3,2,6,0
636,1417428470,3,2,7,60
637,1417428470,3,2,8,0
638,1417428470,3,2,9,599
639,1417428470,3,2,10,1209
640,1417428470,3,3,0,29
641,1417428470,3,3,1,151
642,1417428470,3,3,2,69
643,1417428470,3,3,3,796
644,1417428470,3,3,4,0
645,1417428470,3,3,5,791
646,1417428470,3,3,6,54
647,1417428470,3,4,0,1208
648,1417428470,3,4,1,32
649,1417428470,3,4,2,59
650,1417428470,3,4,3,602
651,1417428470,3,4,4,23
652,1417428470,3,4,5,33
653,1417428470,3,4,6,37
654,1417428470,3,4,7,33
655,1417428470,3,4,8,72
656,1417428470,3,4,9,62
657,1417428470,3,4,10,604
658,1417428470,3,5,0,0
659,1417428470,3,5,1,20
660,1417428470,3,5,2,1193
661,1417428470,3,5,3,53
662,1417428470,3,5,4,0
663,1417428470,3,5,5,0
664,1417428470,3,5,6,0
665,1417428470,4,0,0,30
666,1417428470,4,0,1,32
667,1417428470,4,0,2,148
668,1417428470,4,0,3,0
669,1417428470,4,0,4,150
670,1417428470,4,0,5,54
671,1417428470,4,0,6,48
672,1417428470,4,0,7,0
673,1417428470,4,0,8,157
674,1417428470,4,0,9,0
675,1417428470,4,1,0,1192
676,1417428470,4,1,1,150
677,1417428470,4,1,2,0
678,1417428470,4,1,3,290
679,1417428470,4,1,4,40
680,1417428470,4,1,5,906
681,1417428470,4,1,6,795
682,1417428470,4,1,7,159
683,1417428470,4,1,8,1210
684,1417428470,4,1,9,0
685,1417428470,4,1,10,152
686,1417428470,4,1,11,0
687,1417428470,4,2,0,899
688,1417428470,4,2,1,59
689,1417428470,4,2,2,0
690,1417428470,4,2,3,0
691,1417428470,4,2,4,50
692,1417428470,4,2,5,600
693,1417428470,4,2,6,0
694,1417428470,4,3,0,807
695,1417428470,4,3,1,793
696,1417428470,4,3,2,0
697,1417428470,4,3,3,68
698,1417428470,4,3,4,0
699,1417428470,4,3,5,44
700,1417428470,4,3,6,0
701,1417428470,4,3,7,1196
702,1417428470,4,3,8,606
703,1417428470,4,3,9,1194
704,1417428470,4,3,10,898
705,1417428470,4,3,11,598
706,1417428470,4,4,0,797
707,1417428470,4,4,1,0
708,1417428470,4,4,2,76
709,1417428470,4,4,3,27
710,1417428470,4,4,4,301
711,1417428470,4,4,5,146
712,1417428470,4,4,6,903
713,1417428470,4,4,7,24
714,1417428470,4,4,8,890
715,1417428470,4,4,9,1190
716,1417428470,4,4,10,26
717,1417428470,4,5,0,0
718,1417428470,4,5,1,0
719,1417428470,4,5,2,0
720,1417428470,4,5,3,0
721,1417428470,4,5,4,0
722,1417428470,4,5,5,802
723,1417428470,4,5,6,799
724,1417428470,4,5,7,1206
725,1417428470,4,6,0,59
726,1417428470,4,6,1,152
727,1417428470,4,6,2,0
728,1417428470,4,6,3,147
729,1417428470,4,6,4,802
730,1417428470,4,6,5,305
731,1417428470,4,6,6,0
732,1417428470,4,7,0,606
733,1417428470,4,7,1,1206
734,1417428470,4,7,2,76
735,1417428470,4,7,3,906
736,1417428470,4,7,4,45
737,1417428470,4,7,5,0
738,1417428470,4,7,6,896
739,1417428470,4,7,7,59
740,1417428470,4,7,8,898
741,1417428470,4,7,9,145
742,1417428470,4,7,10,0
743,1417428470,4,7,11,291
744,1417428470,4,7,12,0
745,1417428470,4,7,13,899
746,1417428470,4,8,0,0
747,1417428470,4,8,1,70
748,1417428470,4,8,2,160
749,1417428470,4,8,3,159
750,1417428470,4,8,4,0
751,1417428470,4,8,5,0
752,1417428470,4,8,6,35
753,1417428470,5,0,0,26
754,1417428470,5,0,1,39
755,1417428470,5,0,2,18
756,1417428470,5,0,3,1195
757,1417428470,5,0,4,79
758,1417428470,5,0,5,50
759,1417428470,5,0,6,70
760,1417428470,5,0,7,34
761,1417428470,5,0,8,0
762,1417428470,5,0,9,68
763,1417428470,5,1,0,45
764,1417428470,5,1,1,66
765,1417428470,5,1,2,802
766,1417428470,5,1,3,595
767,1417428470,5,1,4,890
768,1417428470,5,1,5,606
769,1417428470,5,1,6,603
770,1417428470,5,1,7,30
771,1417428470,5,1,8,0
772,1417428470,5,1,9,1194
773,1417428470,5,1,10,32
774,1417428470,5,2,0,0
775,1417428470,5,2,1,77
776,1417428470,5,2,2,903
777,1417428470,5,2,3,0
778,1417428470,5,2,4,793
779,1417428470,5,2,5,51
780,1417428470,5,2,6,0
781,1417428470,5,2,7,154
782,1417428470,5,2,8,26
783,1417428470,5,2,9,591
784,1417428470,6,0,0,596
785,1417428470,6,0,1,904
786,1417428470,6,0,2,800
787,1417428470,6,0,3,792
788,1417428470,6,0,4,1210
789,1417428470,6,0,5,1195
790,1417428470,6,0,6,0
791,1417428470,6,1,0,144
792,1417428470,6,1,1,18
793,1417428470,6,1,2,0
794,1417428470,6,1,3,804
795,1417428470,6,1,4,310
796,1417428470,6,1,5,0
797,1417428470,6,1,6,32
798,1417428470,6,1,7,0
799,1417428470,6,2,0,1206
800,1417428470,6,2,1,16
801,1417428470,6,2,2,0
802,1417428470,6,2,3,300
803,1417428470,6,2,4,42
804,1417428470,6,2,5,896
805,1417428470,6,2,6,597
806,1417428470,6,2,7,295
807,1417428470,6,2,8,805
808,1417428470,6,2,9,804
809,1417428470,6,2,10,61
810,1417428470,6,2,11,1198
811,1417428470,6,2,12,305
812,1417428470,6,2,13,903
813,1417428470,6,2,14,1191
814,1417428470,6,3,0,66
815,1417428470,6,3,1,34
816,1417428470,6,3,2,904
817,1417428470,6,3,3,0
818,1417428470,6,3,4,0
819,1417428470,6,3,5,0
820,1417428470,6,3,6,38
821,1417428470,6,3,7,56
822,1417428470,6,4,0,156
823,1417428470,6,4,1,0
824,1417428470,6,4,2,0
825,1417428470,6,4,3,1195
826,1417428470,6,4,4,591
827,1417428470,6,4,5,50
828,1417428470,6,5,0,594
829,1417428470,6,5,1,31
830,1417428470,6,5,2,0
831,1417428470,6,5,3,32
832,1417428470,6,5,4,290
833,1417428470,6,5,5,598
834,1417428470,6,5,6,294
835,1417428470,6,5,7,37
836,1417428470,6,5,8,298
837,1417428470,6,5,9,147
838,1417428470,6,5,10,0
839,1417428470,7,0,0,301
840,1417428470,7,0,1,70
841,1417428470,7,0,2,796
842,1417428470,7,0,3,59
843,1417428470,7,0,4,76
844,1417428470,7,1,0,608
845,1417428470,7,1,1,1209
846,1417428470,7,1,2,26
847,1417428470,7,1,3,909
848,1417428470,7,1,4,0
849,1417428470,7,1,5,0
850,1417428470,7,1,6,47
851,1417428470,7,1,7,157
852,1417428470,7,1,8,804
853,1417428470,7,1,9,604
854,1417428470,7,1,10,0
855,1417428470,7,2,0,297
856,1417428470,7,2,1,594
857,1417428470,7,2,2,591
858,1417428470,7,2,3,905
859,1417428470,7,2,4,0
860,1417428470,7,2,5,28
861,1417428470,7,3,0,804
862,1417428470,7,3,1,0
863,1417428470,7,3,2,907
864,1417428470,7,3,3,909
865,1417428470,7,3,4,56
866,1417428470,7,3,5,0
867,1417428470,7,3,6,15
868,1417428470,7,3,7,1193
869,1417428470,7,4,0,79
870,1417428470,7,4,1,0
871,1417428470,7,4,2,140
872,1417428470,7,4,3,0
873,1417428470,7,4,4,799
874,1417428470,7,5,0,790
875,1417428470,7,5,1,1200
876,1417428470,7,5,2,61
877,1417428470,7,5,3,78
878,1417428470,7,5,4,590
879,1417428470,7,5,5,30
880,1417428470,7,5,6,1194
881,1417428470,7,5,7,75
882,1417428470,7,6,0,293
883,1417428470,7,6,1,140
884,1417428470,7,6,2,804
885,1417428470,7,6,3,0
886,1417428470,7,6,4,26
887,1417428470,7,6,5,0
888,1417428470,7,6,6,28
889,1417428470,8,0,0,598
890,1417428470,8,0,1,794
891,1417428470,8,0,2,0
892,1417428470,8,0,3,0
893,1417428470,8,0,4,1198
894,1417428470,8,0,5,0
895,1417428470,8,0,6,594
896,1417428470,8,0,7,17
897,1417428470,8,0,8,799
898,1417428470,8,0,9,1205
899,1417428470,8,1,0,0
900,1417428470,8,1,1,53
901,1417428470,8,1,2,0
902,1417428470,8,1,3,19
903,1417428470,8,1,4,0
904,1417428470,8,1,5,0
905,1417428470,8,1,6,154
906,1417428470,8,1,7,1197
907,1417428470,8,2,0,804
908,1417428470,8,2,1,64
909,1417428470,8,2,2,897
910,1417428470,8,2,3,300
911,1417428470,8,2,4,152
912,1417428470,8,2,5,28
913,1417428470,8,2,6,0
914,1417428470,8,2,7,0
915,1417428470,8,2,8,62
916,1417428470,8,2,9,18
917,1417428470,8,3,0,792
918,1417428470,8,3,1,45
919,1417428470,8,3,2,0
920,1417428470,8,3,3,144
921,1417428470,8,3,4,304
922,1417428470,8,3,5,0
923,1417428470,8,3,6,0
924,1417428470,8,3,7,0
925,1417428470,8,3,8,803
926,1417428470,9,0,0,302
927,1417428470,9,0,1,0
928,1417428470,9,0,2,0
929,1417428470,9,0,3,31
930,1417428470,9,0,4,0
931,1417428470,9,0,5,42
932,1417428470,9,0,6,43
933,1417428470,9,0,7,27
934,1417428470,9,1,0,602
935,1417428470,9,1,1,905
936,1417428470,9,1,2,41
937,1417428470,9,1,3,67
938,1417428470,9,1,4,1202
939,1417428470,9,1,5,0
940,1417428470,9,1,6,158
941,1417428470,9,1,7,33
942,1417428470,9,1,8,0
943,1417428470,9,1,9,0
944,1417428471,0,0,0,45
945,1417428471,0,0,1,798
946,1417428471,0,0,2,152
947,1417428471,0,0,3,0
948,1417428471,0,0,4,50
949,1417428471,0,0,5,600
950,1417428471,0,0,6,301
951,1417428471,0,0,7,40
952,1417428471,0,1,0,49
953,1417428471,0,1,1,44
954,1417428471,0,1,2,150
955,1417428471,0,1,3,294
956,1417428471,0,1,4,303
957,1417428471,0,1,5,1193
958,1417428471,0,1,6,0
959,1417428471,0,1,7,605
960,1417428471,0,1,8,0
961,1417428471,0,1,9,0
962,1417428471,0,1,10,19
963,1417428471,0,1,11,26
964,1417428471,0,1,12,16
965,1417428471,0,2,0,1207
966,1417428471,0,2,1,80
967,1417428471,0,2,2,67
968,1417428471,0,2,3,80
969,1417428471,0,2,4,147
970,1417428471,0,2,5,897
971,1417428471,0,2,6,1194
972,1417428471,0,2,7,898
973,1417428471,0,2,8,594
974,1417428471,0,2,9,45
975,1417428471,0,3,0,806
976,1417428471,0,3,1,155
977,1417428471,0,3,2,40
978,1417428471,0,3,3,140
979,1417428471,0,3,4,26
980,1417428471,0,3,5,0
981,1417428471,0,3,6,0
982,1417428471,0,3,7,0
983,1417428471,0,3,8,297
984,1417428471,0,3,9,1209
985,1417428471,0,3,10,603
986,1417428471,1,0,0,297
987,1417428471,1,0,1,140
988,1417428471,1,0,2,900
989,1417428471,1,0,3,802
990,1417428471,1,0,4,160
991,1417428471,1,0,5,31
992,1417428471,1,0,6,290
993,1417428471,1,0,7,25
994,1417428471,1,0,8,591
995,1417428471,1,0,9,153
996,1417428471,1,0,10,70
997,1417428471,1,0,11,34
998,1417428471,1,1,0,0
999,1417428471,1,1,1,64
1000,1417428471,1,1,2,44
1001,1417428471,1,1,3,62
1002,1417428471,1,1,4,306
1003,1417428471,1,1,5,42
1004,1417428471,1,1,6,592
1005,1417428471,1,1,7,810
1006,1417428471,1,2,0,0
1007,1417428471,1,2,1,0
1008,1417428471,1,2,2,0
1009,1417428471,1,2,3,591
1010,1417428471,1,2,4,602
1011,1417428471,1,2,5,606
1012,1417428471,1,3,0,795
1013,1417428471,1,3,1,73
1014,1417428471,1,3,2,796
1015,1417428471,1,3,3,17
1016,1417428471,1,3,4,1192
1017,1417428471,1,3,5,60
1018,1417428471,1,3,6,795
1019,1417428471,1,3,7,1198
1020,1417428471,2,0,0,141
1021,1417428471,2,0,1,37
1022,1417428471,2,0,2,597
1023,1417428471,2,0,3,1200
1024,1417428471,2,0,4,53
1025,1417428471,2,0,5,148
1026,1417428471,2,0,6,147
1027,1417428471,2,1,0,0
1028,1417428471,2,1,1,909
1029,1417428471,2,1,2,18
1030,1417428471,2,1,3,16
1031,1417428471,2,1,4,305
1032,1417428471,2,1,5,0
1033,1417428471,2,1,6,297
1034,1417428471,2,1,7,77
1035,1417428471,2,1,8,604
1036,1417428471,2,1,9,158
1037,1417428471,2,2,0,1207
1038,1417428471,2,2,1,0
1039,1417428471,2,2,2,160
1040,1417428471,2,2,3,292
1041,1417428471,2,2,4,0
1042,1417428471,2,2,5,33
1043,1417428471,2,2,6,72
1044,1417428471,2,2,7,592
1045,1417428471,2,2,8,154
1046,1417428471,2,2,9,1200
1047,1417428471,2,2,10,15
1048,1417428471,2,2,11,57
1049,1417428471,2,3,0,32
1050,1417428471,2,3,1,907
1051,1417428471,2,3,2,62
1052,1417428471,2,3,3,143
1053,1417428471,2,3,4,54
1054,1417428471,2,3,5,302
1055,1417428471,2,3,6,73
1056,1417428471,2,3,7,67
1057,1417428471,2,4,0,608
1058,1417428471,2,4,1,38
1059,1417428471,2,4,2,600
1060,1417428471,2,4,3,62
1061,1417428471,2,4,4,26
1062,1417428471,2,4,5,34
1063,1417428471,2,4,6,39
1064,1417428471,2,4,7,58
1065,1417428471,2,4,8,792
1066,1417428471,2,5,0,1200
1067,1417428471,2,5,1,35
1068,1417428471,2,5,2,148
1069,1417428471,2,5,3,892
1070,1417428471,2,5,4,794
1071,1417428471,2,6,0,1190
1072,1417428471,2,6,1,75
1073,1417428471,2,6,2,801
1074,1417428471,2,6,3,899
1075,1417428471,2,6,4,40
1076,1417428471,2,6,5,1209
1077,1417428471,2,6,6,44
1078,1417428471,2,6,7,64
1079,1417428471,2,6,8,32
1080,1417428471,2,6,9,303
1081,1417428471,2,6,10,1208
1082,1417428471,3,0,0,904
1083,1417428471,3,0,1,593
1084,1417428471,3,0,2,794
1085,1417428471,3,0,3,160
1086,1417428471,3,0,4,52
1087,1417428471,3,0,5,808
1088,1417428471,3,0,6,0
1089,1417428471,3,0,7,35
1090,1417428471,3,1,0,893
1091,1417428471,3,1,1,147
1092,1417428471,3,1,2,606
1093,1417428471,3,1,3,62
1094,1417428471,3,1,4,792
1095,1417428471,3,1,5,0
1096,1417428471,3,1,6,0
1097,1417428471,3,1,7,59
1098,1417428471,3,1,8,0
1099,1417428471,3,1,9,894
1100,1417428471,3,1,10,1203
1101,1417428471,3,2,0,144
1102,1417428471,3,2,1,16
1103,1417428471,3,2,2,593
1104,1417428471,3,2,3,0
1105,1417428471,3,2,4,69
1106,1417428471,3,2,5,22
1107,1417428471,3,2,6,33
1108,1417428471,3,2,7,56
1109,1417428471,3,2,8,908
1110,1417428471,3,2,9,600
1111,1417428471,3,2,10,1207
1112,1417428471,3,3,0,25
1113,1417428471,3,3,1,145
1114,1417428471,3,3,2,69
1115,1417428471,3,3,3,802
1116,1417428471,3,3,4,793
1117,1417428471,3,3,5,802
1118,1417428471,3,3,6,43
1119,1417428471,3,4,0,1210
1120,1417428471,3,4,1,21
1121,1417428471,3,4,2,57
1122,1417428471,3,4,3,590
1123,1417428471,3,4,4,17
1124,1417428471,3,4,5,39
1125,1417428471,3,4,6,26
1126,1417428471,3,4,7,39
1127,1417428471,3,4,8,64
1128,1417428471,3,4,9,79
1129,1417428471,3,4,10,605
1130,1417428471,3,5,0,0
1131,1417428471,3,5,1,16
1132,1417428471,3,5,2,1192
1133,1417428471,3,5,3,53
1134,1417428471,3,5,4,0
1135,1417428471,3,5,5,0
1136,1417428471,3,5,6,0
1137,1417428471,4,0,0,44
1138,1417428471,4,0,1,38
1139,1417428471,4,0,2,142
1140,1417428471,4,0,3,0
1141,1417428471,4,0,4,143
1142,1417428471,4,0,5,55
1143,1417428471,4,0,6,60
1144,1417428471,4,0,7,144
1145,1417428471,4,0,8,145
1146,1417428471,4,0,9,62
1147,1417428471,4,1,0,1195
1148,1417428471,4,1,1,155
1149,1417428471,4,1,2,606
1150,1417428471,4,1,3,305
1151,1417428471,4,1,4,48
1152,1417428471,4,1,5,905
1153,1417428471,4,1,6,793
1154,1417428471,4,1,7,141
1155,1417428471,4,1,8,1207
1156,1417428471,4,1,9,0
1157,1417428471,4,1,10,153
1158,1417428471,4,1,11,0
1159,1417428471,4,2,0,902
1160,1417428471,4,2,1,58
1161,1417428471,4,2,2,0
1162,1417428471,4,2,3,58
1163,1417428471,4,2,4,40
1164,1417428471,4,2,5,604
1165,1417428471,4,2,6,808
1166,1417428471,4,3,0,805
1167,1417428471,4,3,1,806
1168,1417428471,4,3,2,27
1169,1417428471,4,3,3,72
1170,1417428471,4,3,4,0
1171,1417428471,4,3,5,49
1172,1417428471,4,3,6,0
1173,1417428471,4,3,7,1194
1174,1417428471,4,3,8,603
1175,1417428471,4,3,9,1191
1176,1417428471,4,3,10,910
1177,1417428471,4,3,11,603
1178,1417428471,4,4,0,803
1179,1417428471,4,4,1,0
1180,1417428471,4,4,2,76
1181,1417428471,4,4,3,20
1182,1417428471,4,4,4,294
1183,1417428471,4,4,5,155
1184,1417428471,4,4,6,892
1185,1417428471,4,4,7,35
1186,1417428471,4,4,8,891
1187,1417428471,4,4,9,1205
1188,1417428471,4,4,10,38
1189,1417428471,4,5,0,603
1190,1417428471,4,5,1,1198
1191,1417428471,4,5,2,297
1192,1417428471,4,5,3,0
1193,1417428471,4,5,4,46
1194,1417428471,4,5,5,806
1195,1417428471,4,5,6,792
1196,1417428471,4,5,7,1202
1197,1417428471,4,6,0,60
1198,1417428471,4,6,1,160
1199,1417428471,4,6,2,1199
1200,1417428471,4,6,3,141
1201,1417428471,4,6,4,809
1202,1417428471,4,6,5,291
1203,1417428471,4,6,6,146
1204,1417428471,4,7,0,599
1205,1417428471,4,7,1,1197
1206,1417428471,4,7,2,73
1207,1417428471,4,7,3,891
1208,1417428471,4,7,4,44
1209,1417428471,4,7,5,152
1210,1417428471,4,7,6,894
1211,1417428471,4,7,7,60
1212,1417428471,4,7,8,902
1213,1417428471,4,7,9,153
1214,1417428471,4,7,10,598
1215,1417428471,4,7,11,307
1216,1417428471,4,7,12,61
1217,1417428471,4,7,13,895
1218,1417428471,4,8,0,0
1219,1417428471,4,8,1,78
1220,1417428471,4,8,2,146
1221,1417428471,4,8,3,160
1222,1417428471,4,8,4,0
1223,1417428471,4,8,5,1203
1224,1417428471,4,8,6,32
1225,1417428471,5,0,0,39
1226,1417428471,5,0,1,36
1227,1417428471,5,0,2,27
1228,1417428471,5,0,3,1205
1229,1417428471,5,0,4,69
1230,1417428471,5,0,5,51
1231,1417428471,5,0,6,79
1232,1417428471,5,0,7,20
1233,1417428471,5,0,8,892
1234,1417428471,5,0,9,73
1235,1417428471,5,1,0,52
1236,1417428471,5,1,1,80
1237,1417428471,5,1,2,805
1238,1417428471,5,1,3,604
1239,1417428471,5,1,4,899
1240,1417428471,5,1,5,609
1241,1417428471,5,1,6,608
1242,1417428471,5,1,7,37
1243,1417428471,5,1,8,68
1244,1417428471,5,1,9,1192
1245,1417428471,5,1,10,22
1246,1417428471,5,2,0,0
1247,1417428471,5,2,1,65
1248,1417428471,5,2,2,891
1249,1417428471,5,2,3,152
1250,1417428471,5,2,4,808
1251,1417428471,5,2,5,45
1252,1417428471,5,2,6,142
1253,1417428471,5,2,7,156
1254,1417428471,5,2,8,33
1255,1417428471,5,2,9,592
1256,1417428471,6,0,0,593
1257,1417428471,6,0,1,903
1258,1417428471,6,0,2,804
1259,1417428471,6,0,3,803
1260,1417428471,6,0,4,1193
1261,1417428471,6,0,5,1210
1262,1417428471,6,0,6,0
1263,1417428471,6,1,0,151
1264,1417428471,6,1,1,25
1265,1417428471,6,1,2,0
1266,1417428471,6,1,3,807
1267,1417428471,6,1,4,305
1268,1417428471,6,1,5,42
1269,1417428471,6,1,6,26
1270,1417428471,6,1,7,801
1271,1417428471,6,2,0,1190
1272,1417428471,6,2,1,22
1273,1417428471,6,2,2,0
1274,1417428471,6,2,3,299
1275,1417428471,6,2,4,57
1276,1417428471,6,2,5,901
1277,1417428471,6,2,6,606
1278,1417428471,6,2,7,294
1279,1417428471,6,2,8,790
1280,1417428471,6,2,9,799
1281,1417428471,6,2,10,71
1282,1417428471,6,2,11,1202
1283,1417428471,6,2,12,290
1284,1417428471,6,2,13,898
1285,1417428471,6,2,14,1206
1286,1417428471,6,3,0,74
1287,1417428471,6,3,1,32
1288,1417428471,6,3,2,890
1289,1417428471,6,3,3,0
1290,1417428471,6,3,4,0
1291,1417428471,6,3,5,0
1292,1417428471,6,3,6,28
1293,1417428471,6,3,7,59
1294,1417428471,6,4,0,160
1295,1417428471,6,4,1,78
1296,1417428471,6,4,2,28
1297,1417428471,6,4,3,1203
1298,1417428471,6,4,4,597
1299,1417428471,6,4,5,41
1300,1417428471,6,5,0,600
1301,1417428471,6,5,1,34
1302,1417428471,6,5,2,31
1303,1417428471,6,5,3,30
1304,1417428471,6,5,4,308
1305,1417428471,6,5,5,590
1306,1417428471,6,5,6,303
1307,1417428471,6,5,7,45
1308,1417428471,6,5,8,308
1309,1417428471,6,5,9,147
1310,1417428471,6,5,10,0
1311,1417428471,7,0,0,296
1312,1417428471,7,0,1,73
1313,1417428471,7,0,2,794
1314,1417428471,7,0,3,48
1315,1417428471,7,0,4,73
1316,1417428471,7,1,0,598
1317,1417428471,7,1,1,1205
1318,1417428471,7,1,2,28
1319,1417428471,7,1,3,901
1320,1417428471,7,1,4,1192
1321,1417428471,7,1,5,1201
1322,1417428471,7,1,6,40
1323,1417428471,7,1,7,157
1324,1417428471,7,1,8,798
1325,1417428471,7,1,9,607
1326,1417428471,7,1,10,1200
1327,1417428471,7,2,0,310
1328,1417428471,7,2,1,597
1329,1417428471,7,2,2,599
1330,1417428471,7,2,3,902
1331,1417428471,7,2,4,0
1332,1417428471,7,2,5,25
1333,1417428471,7,3,0,794
1334,1417428471,7,3,1,75
1335,1417428471,7,3,2,894
1336,1417428471,7,3,3,898
1337,1417428471,7,3,4,43
1338,1417428471,7,3,5,0
1339,1417428471,7,3,6,29
1340,1417428471,7,3,7,1195
1341,1417428471,7,4,0,76
1342,1417428471,7,4,1,0
1343,1417428471,7,4,2,157
1344,1417428471,7,4,3,905
1345,1417428471,7,4,4,790
1346,1417428471,7,5,0,794
1347,1417428471,7,5,1,1199
1348,1417428471,7,5,2,80
1349,1417428471,7,5,3,74
1350,1417428471,7,5,4,593
1351,1417428471,7,5,5,35
1352,1417428471,7,5,6,1202
1353,1417428471,7,5,7,68
1354,1417428471,7,6,0,301
1355,1417428471,7,6,1,145
1356,1417428471,7,6,2,808
1357,1417428471,7,6,3,0
1358,1417428471,7,6,4,31
1359,1417428471,7,6,5,298
1360,1417428471,7,6,6,27
1361,1417428471,8,0,0,590
1362,1417428471,8,0,1,790
1363,1417428471,8,0,2,0
1364,1417428471,8,0,3,65
1365,1417428471,8,0,4,1192
1366,1417428471,8,0,5,0
1367,1417428471,8,0,6,603
1368,1417428471,8,0,7,18
1369,1417428471,8,0,8,790
1370,1417428471,8,0,9,1203
1371,1417428471,8,1,0,0
1372,1417428471,8,1,1,50
1373,1417428471,8,1,2,0
1374,1417428471,8,1,3,23
1375,1417428471,8,1,4,798
1376,1417428471,8,1,5,0
1377,1417428471,8,1,6,151
1378,1417428471,8,1,7,1209
1379,1417428471,8,2,0,795
1380,1417428471,8,2,1,65
1381,1417428471,8,2,2,897
1382,1417428471,8,2,3,299
1383,1417428471,8,2,4,151
1384,1417428471,8,2,5,20
1385,1417428471,8,2,6,304
1386,1417428471,8,2,7,0
1387,1417428471,8,2,8,80
1388,1417428471,8,2,9,15
1389,1417428471,8,3,0,791
1390,1417428471,8,3,1,59
1391,1417428471,8,3,2,160
1392,1417428471,8,3,3,143
1393,1417428471,8,3,4,308
1394,1417428471,8,3,5,0
1395,1417428471,8,3,6,29
1396,1417428471,8,3,7,0
1397,1417428471,8,3,8,810
1398,1417428471,9,0,0,306
1399,1417428471,9,0,1,0
1400,1417428471,9,0,2,0
1401,1417428471,9,0,3,39
1402,1417428471,9,0,4,15
1403,1417428471,9,0,5,41
1404,1417428471,9,0,6,46
1405,1417428471,9,0,7,29
1406,1417428471,9,1,0,590
1407,1417428471,9,1,1,909
1408,1417428471,9,1,2,28
1409,1417428471,9,1,3,67
1410,1417428471,9,1,4,1209
1411,1417428471,9,1,5,70
1412,1417428471,9,1,6,158
1413,1417428471,9,1,7,35
1414,1417428471,9,1,8,0
1415,1417428471,9,1,9,1196
1416,1417428472,0,0,0,26
1417,1417428472,0,0,1,808
1418,1417428472,0,0,2,147
1419,1417428472,0,0,3,1196
1420,1417428472,0,0,4,40
1421,1417428472,0,0,5,599
1422,1417428472,0,0,6,290
1423,1417428472,0,0,7,58
1424,1417428472,0,1,0,54
1425,1417428472,0,1,1,59
1426,1417428472,0,1,2,153
1427,1417428472,0,1,3,290
1428,1417428472,0,1,4,308
1429,1417428472,0,1,5,1194
1430,1417428472,0,1,6,809
1431,1417428472,0,1,7,596
1432,1417428472,0,1,8,45
1433,1417428472,0,1,9,0
1434,1417428472,0,1,10,18
1435,1417428472,0,1,11,27
1436,1417428472,0,1,12,34
1437,1417428472,0,2,0,1201
1438,1417428472,0,2,1,68
1439,1417428472,0,2,2,60
1440,1417428472,0,2,3,76
1441,1417428472,0,2,4,153
1442,1417428472,0,2,5,908
1443,1417428472,0,2,6,1210
1444,1417428472,0,2,7,908
1445,1417428472,0,2,8,598
1446,1417428472,0,2,9,34
1447,1417428472,0,3,0,793
1448,1417428472,0,3,1,157
1449,1417428472,0,3,2,56
1450,1417428472,0,3,3,148
1451,1417428472,0,3,4,40
1452,1417428472,0,3,5,810
1453,1417428472,0,3,6,63
1454,1417428472,0,3,7,0
1455,1417428472,0,3,8,310
1456,1417428472,0,3,9,1206
1457,1417428472,0,3,10,610
1458,1417428472,1,0,0,294
1459,1417428472,1,0,1,152
1460,1417428472,1,0,2,899
1461,1417428472,1,0,3,804
1462,1417428472,1,0,4,142
1463,1417428472,1,0,5,27
1464,1417428472,1,0,6,305
1465,1417428472,1,0,7,30
1466,1417428472,1,0,8,597
1467,1417428472,1,0,9,155
1468,1417428472,1,0,10,77
1469,1417428472,1,0,11,32
1470,1417428472,1,1,0,0
1471,1417428472,1,1,1,70
1472,1417428472,1,1,2,40
1473,1417428472,1,1,3,75
1474,1417428472,1,1,4,295
1475,1417428472,1,1,5,44
1476,1417428472,1,1,6,591
1477,1417428472,1,1,7,790
1478,1417428472,1,2,0,26
1479,1417428472,1,2,1,0
1480,1417428472,1,2,2,310
1481,1417428472,1,2,3,596
1482,1417428472,1,2,4,601
1483,1417428472,1,2,5,598
1484,1417428472,1,3,0,801
1485,1417428472,1,3,1,68
1486,1417428472,1,3,2,799
1487,1417428472,1,3,3,29
1488,1417428472,1,3,4,1202
1489,1417428472,1,3,5,74
1490,1417428472,1,3,6,796
1491,1417428472,1,3,7,1204
1492,1417428472,2,0,0,153
1493,1417428472,2,0,1,34
1494,1417428472,2,0,2,603
1495,1417428472,2,0,3,1197
1496,1417428472,2,0,4,54
1497,1417428472,2,0,5,140
1498,1417428472,2,0,6,156
1499,1417428472,2,1,0,0
1500,1417428472,2,1,1,904
1501,1417428472,2,1,2,19
1502,1417428472,2,1,3,19
1503,1417428472,2,1,4,304
1504,1417428472,2,1,5,0
1505,1417428472,2,1,6,296
1506,1417428472,2,1,7,80
1507,1417428472,2,1,8,605
1508,1417428472,2,1,9,146
1509,1417428472,2,2,0,1190
1510,1417428472,2,2,1,795
1511,1417428472,2,2,2,152
1512,1417428472,2,2,3,309
1513,1417428472,2,2,4,0
1514,1417428472,2,2,5,31
1515,1417428472,2,2,6,79
1516,1417428472,2,2,7,602
1517,1417428472,2,2,8,155
1518,1417428472,2,2,9,1207
1519,1417428472,2,2,10,33
1520,1417428472,2,2,11,47
1521,1417428472,2,3,0,33
1522,1417428472,2,3,1,894
1523,1417428472,2,3,2,63
1524,1417428472,2,3,3,152
1525,1417428472,2,3,4,48
1526,1417428472,2,3,5,297
1527,1417428472,2,3,6,73
1528,1417428472,2,3,7,75
1529,1417428472,2,4,0,593
1530,1417428472,2,4,1,32
1531,1417428472,2,4,2,599
1532,1417428472,2,4,3,68
1533,1417428472,2,4,4,19
1534,1417428472,2,4,5,33
1535,1417428472,2,4,6,39
1536,1417428472,2,4,7,56
1537,1417428472,2,4,8,797
1538,1417428472,2,5,0,1210
1539,1417428472,2,5,1,35
1540,1417428472,2,5,2,140
1541,1417428472,2,5,3,891
1542,1417428472,2,5,4,808
1543,1417428472,2,6,0,1195
1544,1417428472,2,6,1,72
1545,1417428472,2,6,2,810
1546,1417428472,2,6,3,910
1547,1417428472,2,6,4,44
1548,1417428472,2,6,5,1204
1549,1417428472,2,6,6,32
1550,1417428472,2,6,7,62
1551,1417428472,2,6,8,15
1552,1417428472,2,6,9,291
1553,1417428472,2,6,10,1194
1554,1417428472,3,0,0,907
1555,1417428472,3,0,1,610
1556,1417428472,3,0,2,801
1557,1417428472,3,0,3,152
1558,1417428472,3,0,4,57
1559,1417428472,3,0,5,801
1560,1417428472,3,0,6,47
1561,1417428472,3,0,7,29
1562,1417428472,3,1,0,893
1563,1417428472,3,1,1,158
1564,1417428472,3,1,2,595
1565,1417428472,3,1,3,78
1566,1417428472,3,1,4,795
1567,1417428472,3,1,5,894
1568,1417428472,3,1,6,793
1569,1417428472,3,1,7,51
1570,1417428472,3,1,8,72
1571,1417428472,3,1,9,894
1572,1417428472,3,1,10,1206
1573,1417428472,3,2,0,141
1574,1417428472,3,2,1,17
1575,1417428472,3,2,2,601
1576,1417428472,3,2,3,0
1577,1417428472,3,2,4,75
1578,1417428472,3,2,5,16
1579,1417428472,3,2,6,32
1580,1417428472,3,2,7,58
1581,1417428472,3,2,8,897
1582,1417428472,3,2,9,593
1583,1417428472,3,2,10,1193
1584,1417428472,3,3,0,43
1585,1417428472,3,3,1,145
1586,1417428472,3,3,2,71
1587,1417428472,3,3,3,793
1588,1417428472,3,3,4,801
1589,1417428472,3,3,5,803
1590,1417428472,3,3,6,48
1591,1417428472,3,4,0,1205
1592,1417428472,3,4,1,33
1593,1417428472,3,4,2,52
1594,1417428472,3,4,3,596
1595,1417428472,3,4,4,21
1596,1417428472,3,4,5,35
1597,1417428472,3,4,6,42
1598,1417428472,3,4,7,37
1599,1417428472,3,4,8,76
1600,1417428472,3,4,9,80
1601,1417428472,3,4,10,606
1602,1417428472,3,5,0,0
1603,1417428472,3,5,1,32
1604,1417428472,3,5,2,1204
1605,1417428472,3,5,3,57
1606,1417428472,3,5,4,78
1607,1417428472,3,5,5,15
1608,1417428472,3,5,6,20
1609,1417428472,4,0,0,26
1610,1417428472,4,0,1,32
1611,1417428472,4,0,2,146
1612,1417428472,4,0,3,70
1613,1417428472,4,0,4,146
1614,1417428472,4,0,5,57
1615,1417428472,4,0,6,45
1616,1417428472,4,0,7,148
1617,1417428472,4,0,8,151
1618,1417428472,4,0,9,75
1619,1417428472,4,1,0,1210
1620,1417428472,4,1,1,145
1621,1417428472,4,1,2,590
1622,1417428472,4,1,3,302
1623,1417428472,4,1,4,56
1624,1417428472,4,1,5,908
1625,1417428472,4,1,6,791
1626,1417428472,4,1,7,146
1627,1417428472,4,1,8,1207
1628,1417428472,4,1,9,16
1629,1417428472,4,1,10,148
1630,1417428472,4,1,11,302
1631,1417428472,4,2,0,891
1632,1417428472,4,2,1,58
1633,1417428472,4,2,2,0
1634,1417428472,4,2,3,59
1635,1417428472,4,2,4,45
1636,1417428472,4,2,5,602
1637,1417428472,4,2,6,799
1638,1417428472,4,3,0,800
1639,1417428472,4,3,1,808
1640,1417428472,4,3,2,27
1641,1417428472,4,3,3,64
1642,1417428472,4,3,4,36
1643,1417428472,4,3,5,56
1644,1417428472,4,3,6,16
1645,1417428472,4,3,7,1201
1646,1417428472,4,3,8,591
1647,1417428472,4,3,9,1198
1648,1417428472,4,3,10,906
1649,1417428472,4,3,11,595
1650,1417428472,4,4,0,790
1651,1417428472,4,4,1,909
1652,1417428472,4,4,2,66
1653,1417428472,4,4,3,15
1654,1417428472,4,4,4,293
1655,1417428472,4,4,5,150
1656,1417428472,4,4,6,899
1657,1417428472,4,4,7,22
1658,1417428472,4,4,8,896
1659,1417428472,4,4,9,1197
1660,1417428472,4,4,10,41
1661,1417428472,4,5,0,595
1662,1417428472,4,5,1,1201
1663,1417428472,4,5,2,301
1664,1417428472,4,5,3,809
1665,1417428472,4,5,4,55
1666,1417428472,4,5,5,802
1667,1417428472,4,5,6,809
1668,1417428472,4,5,7,1210
1669,1417428472,4,6,0,59
1670,1417428472,4,6,1,159
1671,1417428472,4,6,2,1196
1672,1417428472,4,6,3,144
1673,1417428472,4,6,4,809
1674,1417428472,4,6,5,297
1675,1417428472,4,6,6,145
1676,1417428472,4,7,0,593
1677,1417428472,4,7,1,1206
1678,1417428472,4,7,2,68
1679,1417428472,4,7,3,900
1680,1417428472,4,7,4,57
1681,1417428472,4,7,5,154
1682,1417428472,4,7,6,907
1683,1417428472,4,7,7,51
1684,1417428472,4,7,8,895
1685,1417428472,4,7,9,160
1686,1417428472,4,7,10,595
1687,1417428472,4,7,11,294
1688,1417428472,4,7,12,73
1689,1417428472,4,7,13,910
1690,1417428472,4,8,0,0
1691,1417428472,4,8,1,65
1692,1417428472,4,8,2,150
1693,1417428472,4,8,3,156
1694,1417428472,4,8,4,1190
1695,1417428472,4,8,5,1195
1696,1417428472,4,8,6,32
1697,1417428472,5,0,0,32
1698,1417428472,5,0,1,26
1699,1417428472,5,0,2,19
1700,1417428472,5,0,3,1199
1701,1417428472,5,0,4,65
1702,1417428472,5,0,5,40
1703,1417428472,5,0,6,76
1704,1417428472,5,0,7,27
1705,1417428472,5,0,8,892
1706,1417428472,5,0,9,72
1707,1417428472,5,1,0,53
1708,1417428472,5,1,1,79
1709,1417428472,5,1,2,808
1710,1417428472,5,1,3,606
1711,1417428472,5,1,4,905
1712,1417428472,5,1,5,598
1713,1417428472,5,1,6,595
1714,1417428472,5,1,7,27
1715,1417428472,5,1,8,66
1716,1417428472,5,1,9,1191
1717,1417428472,5,1,10,33
1718,1417428472,5,2,0,26
1719,1417428472,5,2,1,64
1720,1417428472,5,2,2,905
1721,1417428472,5,2,3,146
1722,1417428472,5,2,4,807
1723,1417428472,5,2,5,47
1724,1417428472,5,2,6,143
1725,1417428472,5,2,7,156
1726,1417428472,5,2,8,28
1727,1417428472,5,2,9,592
1728,1417428472,6,0,0,596
1729,1417428472,6,0,1,905
1730,1417428472,6,0,2,797
1731,1417428472,6,0,3,806
1732,1417428472,6,0,4,1203
1733,1417428472,6,0,5,1198
1734,1417428472,6,0,6,28
1735,1417428472,6,1,0,142
1736,1417428472,6,1,1,17
1737,1417428472,6,1,2,297
1738,1417428472,6,1,3,791
1739,1417428472,6,1,4,291
1740,1417428472,6,1,5,49
1741,1417428472,6,1,6,20
1742,1417428472,6,1,7,810
1743,1417428472,6,2,0,1203
1744,1417428472,6,2,1,21
1745,1417428472,6,2,2,60
1746,1417428472,6,2,3,306
1747,1417428472,6,2,4,56
1748,1417428472,6,2,5,903
1749,1417428472,6,2,6,600
1750,1417428472,6,2,7,298
1751,1417428472,6,2,8,793
1752,1417428472,6,2,9,803
1753,1417428472,6,2,10,65
1754,1417428472,6,2,11,1196
1755,1417428472,6,2,12,301
1756,1417428472,6,2,13,908
1757,1417428472,6,2,14,1200
1758,1417428472,6,3,0,61
1759,1417428472,6,3,1,42
1760,1417428472,6,3,2,898
1761,1417428472,6,3,3,21
1762,1417428472,6,3,4,602
1763,1417428472,6,3,5,906
1764,1417428472,6,3,6,39
1765,1417428472,6,3,7,54
1766,1417428472,6,4,0,155
1767,1417428472,6,4,1,71
1768,1417428472,6,4,2,17
1769,1417428472,6,4,3,1205
1770,1417428472,6,4,4,601
1771,1417428472,6,4,5,53
1772,1417428472,6,5,0,592
1773,1417428472,6,5,1,34
1774,1417428472,6,5,2,35
1775,1417428472,6,5,3,27
1776,1417428472,6,5,4,300
1777,1417428472,6,5,5,594
1778,1417428472,6,5,6,305
1779,1417428472,6,5,7,35
1780,1417428472,6,5,8,294
1781,1417428472,6,5,9,142
1782,1417428472,6,5,10,42
1783,1417428472,7,0,0,302
1784,1417428472,7,0,1,78
1785,1417428472,7,0,2,800
1786,1417428472,7,0,3,41
1787,1417428472,7,0,4,76
1788,1417428472,7,1,0,602
1789,1417428472,7,1,1,1208
1790,1417428472,7,1,2,45
1791,1417428472,7,1,3,893
1792,1417428472,7,1,4,1205
1793,1417428472,7,1,5,1194
1794,1417428472,7,1,6,42
1795,1417428472,7,1,7,149
1796,1417428472,7,1,8,797
1797,1417428472,7,1,9,595
1798,1417428472,7,1,10,1207
1799,1417428472,7,2,0,295
1800,1417428472,7,2,1,607
1801,1417428472,7,2,2,593
1802,1417428472,7,2,3,891
1803,1417428472,7,2,4,70
1804,1417428472,7,2,5,40
1805,1417428472,7,3,0,802
1806,1417428472,7,3,1,73
1807,1417428472,7,3,2,894
1808,1417428472,7,3,3,895
1809,1417428472,7,3,4,41
1810,1417428472,7,3,5,296
1811,1417428472,7,3,6,16
1812,1417428472,7,3,7,1191
1813,1417428472,7,4,0,60
1814,1417428472,7,4,1,0
1815,1417428472,7,4,2,156
1816,1417428472,7,4,3,901
1817,1417428472,7,4,4,802
1818,1417428472,7,5,0,803
1819,1417428472,7,5,1,1201
1820,1417428472,7,5,2,64
1821,1417428472,7,5,3,63
1822,1417428472,7,5,4,609
1823,1417428472,7,5,5,34
1824,1417428472,7,5,6,1201
1825,1417428472,7,5,7,61
1826,1417428472,7,6,0,309
1827,1417428472,7,6,1,157
1828,1417428472,7,6,2,800
1829,1417428472,7,6,3,597
1830,1417428472,7,6,4,40
1831,1417428472,7,6,5,299
1832,1417428472,7,6,6,18
1833,1417428472,8,0,0,602
1834,1417428472,8,0,1,794
1835,1417428472,8,0,2,0
1836,1417428472,8,0,3,80
1837,1417428472,8,0,4,1196
1838,1417428472,8,0,5,0
1839,1417428472,8,0,6,599
1840,1417428472,8,0,7,25
1841,1417428472,8,0,8,792
1842,1417428472,8,0,9,1193
1843,1417428472,8,1,0,37
1844,1417428472,8,1,1,48
1845,1417428472,8,1,2,158
1846,1417428472,8,1,3,15
1847,1417428472,8,1,4,796
1848,1417428472,8,1,5,0
1849,1417428472,8,1,6,156
1850,1417428472,8,1,7,1207
1851,1417428472,8,2,0,794
1852,1417428472,8,2,1,67
1853,1417428472,8,2,2,909
1854,1417428472,8,2,3,300
1855,1417428472,8,2,4,157
1856,1417428472,8,2,5,19
1857,1417428472,8,2,6,294
1858,1417428472,8,2,7,0
1859,1417428472,8,2,8,66
1860,1417428472,8,2,9,35
1861,1417428472,8,3,0,809
1862,1417428472,8,3,1,45
1863,1417428472,8,3,2,145
1864,1417428472,8,3,3,140
1865,1417428472,8,3,4,291
1866,1417428472,8,3,5,306
1867,1417428472,8,3,6,33
1868,1417428472,8,3,7,0
1869,1417428472,8,3,8,802
1870,1417428472,9,0,0,296
1871,1417428472,9,0,1,602
1872,1417428472,9,0,2,0
1873,1417428472,9,0,3,31
1874,1417428472,9,0,4,33
1875,1417428472,9,0,5,46
1876,1417428472,9,0,6,59
1877,1417428472,9,0,7,29
1878,1417428472,9,1,0,594
1879,1417428472,9,1,1,906
1880,1417428472,9,1,2,36
1881,1417428472,9,1,3,80
1882,1417428472,9,1,4,1195
1883,1417428472,9,1,5,68
1884,1417428472,9,1,6,155
1885,1417428472,9,1,7,16
1886,1417428472,9,1,8,0
1887,1417428472,9,1,9,1207
1888,1417428473,0,0,0,30
1889,1417428473,0,0,1,807
1890,1417428473,0,0,2,147
1891,1417428473,0,0,3,1207
1892,1417428473,0,0,4,47
1893,1417428473,0,0,5,601
1894,1417428473,0,0,6,304
1895,1417428473,0,0,7,46
1896,1417428473,0,1,0,49
1897,1417428473,0,1,1,47
1898,1417428473,0,1,2,153
1899,1417428473,0,1,3,296
1900,1417428473,0,1,4,290
1901,1417428473,0,1,5,1210
1902,1417428473,0,1,6,799
1903,1417428473,0,1,7,591
1904,1417428473,0,1,8,40
1905,1417428473,0,1,9,605
1906,1417428473,0,1,10,25
1907,1417428473,0,1,11,36
1908,1417428473,0,1,12,32
1909,1417428473,0,2,0,1198
1910,1417428473,0,2,1,75
1911,1417428473,0,2,2,73
1912,1417428473,0,2,3,72
1913,1417428473,0,2,4,143
1914,1417428473,0,2,5,900
1915,1417428473,0,2,6,1206
1916,1417428473,0,2,7,910
1917,1417428473,0,2,8,610
1918,1417428473,0,2,9,26
1919,1417428473,0,3,0,802
1920,1417428473,0,3,1,154
1921,1417428473,0,3,2,51
1922,1417428473,0,3,3,144
1923,1417428473,0,3,4,43
1924,1417428473,0,3,5,794
1925,1417428473,0,3,6,64
1926,1417428473,0,3,7,806
1927,1417428473,0,3,8,301
1928,1417428473,0,3,9,1191
1929,1417428473,0,3,10,606
1930,1417428473,1,0,0,307
1931,1417428473,1,0,1,148
1932,1417428473,1,0,2,898
1933,1417428473,1,0,3,795
1934,1417428473,1,0,4,148
1935,1417428473,1,0,5,24
1936,1417428473,1,0,6,290
1937,1417428473,1,0,7,38
1938,1417428473,1,0,8,609
1939,1417428473,1,0,9,142
1940,1417428473,1,0,10,63
1941,1417428473,1,0,11,21
1942,1417428473,1,1,0,0
1943,1417428473,1,1,1,65
1944,1417428473,1,1,2,45
1945,1417428473,1,1,3,78
1946,1417428473,1,1,4,296
1947,1417428473,1,1,5,31
1948,1417428473,1,1,6,594
1949,1417428473,1,1,7,791
1950,1417428473,1,2,0,35
1951,1417428473,1,2,1,26
1952,1417428473,1,2,2,309
1953,1417428473,1,2,3,603
1954,1417428473,1,2,4,596
1955,1417428473,1,2,5,593
1956,1417428473,1,3,0,803
1957,1417428473,1,3,1,63
1958,1417428473,1,3,2,807
1959,1417428473,1,3,3,24
1960,1417428473,1,3,4,1201
1961,1417428473,1,3,5,75
1962,1417428473,1,3,6,803
1963,1417428473,1,3,7,1206
1964,1417428473,2,0,0,154
1965,1417428473,2,0,1,42
1966,1417428473,2,0,2,606
1967,1417428473,2,0,3,1197
1968,1417428473,2,0,4,48
1969,1417428473,2,0,5,154
1970,1417428473,2,0,6,144
1971,1417428473,2,1,0,0
1972,1417428473,2,1,1,901
1973,1417428473,2,1,2,23
1974,1417428473,2,1,3,21
1975,1417428473,2,1,4,293
1976,1417428473,2,1,5,0
1977,1417428473,2,1,6,296
1978,1417428473,2,1,7,60
1979,1417428473,2,1,8,590
1980,1417428473,2,1,9,152
1981,1417428473,2,2,0,1193
1982,1417428473,2,2,1,797
1983,1417428473,2,2,2,146
1984,1417428473,2,2,3,304
1985,1417428473,2,2,4,0
1986,1417428473,2,2,5,21
1987,1417428473,2,2,6,63
1988,1417428473,2,2,7,599
1989,1417428473,2,2,8,154
1990,1417428473,2,2,9,1199
1991,1417428473,2,2,10,24
1992,1417428473,2,2,11,52
1993,1417428473,2,3,0,37
1994,1417428473,2,3,1,896
1995,1417428473,2,3,2,71
1996,1417428473,2,3,3,156
1997,1417428473,2,3,4,49
1998,1417428473,2,3,5,306
1999,1417428473,2,3,6,67
2000,1417428473,2,3,7,76
2001,1417428473,2,4,0,593
2002,1417428473,2,4,1,26
2003,1417428473,2,4,2,591
2004,1417428473,2,4,3,69
2005,1417428473,2,4,4,25
2006,1417428473,2,4,5,44
2007,1417428473,2,4,6,41
2008,1417428473,2,4,7,50
2009,1417428473,2,4,8,795
2010,1417428473,2,5,0,1209
2011,1417428473,2,5,1,42
2012,1417428473,2,5,2,144
2013,1417428473,2,5,3,897
2014,1417428473,2,5,4,798
2015,1417428473,2,6,0,1197
2016,1417428473,2,6,1,61
2017,1417428473,2,6,2,795
2018,1417428473,2,6,3,905
2019,1417428473,2,6,4,32
2020,1417428473,2,6,5,1197
2021,1417428473,2,6,6,31
2022,1417428473,2,6,7,65
2023,1417428473,2,6,8,21
2024,1417428473,2,6,9,303
2025,1417428473,2,6,10,1191
2026,1417428473,3,0,0,895
2027,1417428473,3,0,1,593
2028,1417428473,3,0,2,794
2029,1417428473,3,0,3,154
2030,1417428473,3,0,4,60
2031,1417428473,3,0,5,790
2032,1417428473,3,0,6,50
2033,1417428473,3,0,7,32
2034,1417428473,3,1,0,897
2035,1417428473,3,1,1,141
2036,1417428473,3,1,2,592
2037,1417428473,3,1,3,65
2038,1417428473,3,1,4,804
2039,1417428473,3,1,5,909
2040,1417428473,3,1,6,810
2041,1417428473,3,1,7,60
2042,1417428473,3,1,8,70
2043,1417428473,3,1,9,895
2044,1417428473,3,1,10,1192
2045,1417428473,3,2,0,154
2046,1417428473,3,2,1,30
2047,1417428473,3,2,2,603
2048,1417428473,3,2,3,0
2049,1417428473,3,2,4,74
2050,1417428473,3,2,5,19
2051,1417428473,3,2,6,44
2052,1417428473,3,2,7,43
2053,1417428473,3,2,8,897
2054,1417428473,3,2,9,595
2055,1417428473,3,2,10,1196
2056,1417428473,3,3,0,28
2057,1417428473,3,3,1,153
2058,1417428473,3,3,2,73
2059,1417428473,3,3,3,809
2060,1417428473,3,3,4,790
2061,1417428473,3,3,5,790
2062,1417428473,3,3,6,56
2063,1417428473,3,4,0,1206
2064,1417428473,3,4,1,26
2065,1417428473,3,4,2,55
2066,1417428473,3,4,3,596
2067,1417428473,3,4,4,19
2068,1417428473,3,4,5,32
2069,1417428473,3,4,6,44
2070,1417428473,3,4,7,44
2071,1417428473,3,4,8,62
2072,1417428473,3,4,9,68
2073,1417428473,3,4,10,591
2074,1417428473,3,5,0,0
2075,1417428473,3,5,1,33
2076,1417428473,3,5,2,1197
2077,1417428473,3,5,3,48
2078,1417428473,3,5,4,67
2079,1417428473,3,5,5,18
2080,1417428473,3,5,6,20
2081,1417428473,4,0,0,44
2082,1417428473,4,0,1,25
2083,1417428473,4,0,2,149
2084,1417428473,4,0,3,64
2085,1417428473,4,0,4,160
2086,1417428473,4,0,5,51
2087,1417428473,4,0,6,57
2088,1417428473,4,0,7,152
2089,1417428473,4,0,8,157
2090,1417428473,4,0,9,66
2091,1417428473,4,1,0,1191
2092,1417428473,4,1,1,157
2093,1417428473,4,1,2,595
2094,1417428473,4,1,3,291
2095,1417428473,4,1,4,52
2096,1417428473,4,1,5,908
2097,1417428473,4,1,6,807
2098,1417428473,4,1,7,152
2099,1417428473,4,1,8,1195
2100,1417428473,4,1,9,30
2101,1417428473,4,1,10,144
2102,1417428473,4,1,11,301
2103,1417428473,4,2,0,908
2104,1417428473,4,2,1,44
2105,1417428473,4,2,2,0
2106,1417428473,4,2,3,53
2107,1417428473,4,2,4,53
2108,1417428473,4,2,5,599
2109,1417428473,4,2,6,802
2110,1417428473,4,3,0,796
2111,1417428473,4,3,1,810
2112,1417428473,4,3,2,44
2113,1417428473,4,3,3,76
2114,1417428473,4,3,4,45
2115,1417428473,4,3,5,58
2116,1417428473,4,3,6,17
2117,1417428473,4,3,7,1200
2118,1417428473,4,3,8,597
2119,1417428473,4,3,9,1190
2120,1417428473,4,3,10,892
2121,1417428473,4,3,11,595
2122,1417428473,4,4,0,807
2123,1417428473,4,4,1,902
2124,1417428473,4,4,2,66
2125,1417428473,4,4,3,26
2126,1417428473,4,4,4,310
2127,1417428473,4,4,5,154
2128,1417428473,4,4,6,891
2129,1417428473,4,4,7,22
2130,1417428473,4,4,8,908
2131,1417428473,4,4,9,1191
2132,1417428473,4,4,10,30
2133,1417428473,4,5,0,603
2134,1417428473,4,5,1,1205
2135,1417428473,4,5,2,308
2136,1417428473,4,5,3,790
2137,1417428473,4,5,4,59
2138,1417428473,4,5,5,808
2139,1417428473,4,5,6,810
2140,1417428473,4,5,7,1198
2141,1417428473,4,6,0,60
2142,1417428473,4,6,1,141
2143,1417428473,4,6,2,1208
2144,1417428473,4,6,3,152
2145,1417428473,4,6,4,808
2146,1417428473,4,6,5,298
2147,1417428473,4,6,6,141
2148,1417428473,4,7,0,609
2149,1417428473,4,7,1,1190
2150,1417428473,4,7,2,69
2151,1417428473,4,7,3,891
2152,1417428473,4,7,4,54
2153,1417428473,4,7,5,148
2154,1417428473,4,7,6,900
2155,1417428473,4,7,7,51
2156,1417428473,4,7,8,890
2157,1417428473,4,7,9,155
2158,1417428473,4,7,10,610
2159,1417428473,4,7,11,291
2160,1417428473,4,7,12,80
2161,1417428473,4,7,13,895
2162,1417428473,4,8,0,0
2163,1417428473,4,8,1,76
2164,1417428473,4,8,2,141
2165,1417428473,4,8,3,160
2166,1417428473,4,8,4,1192
2167,1417428473,4,8,5,1204
2168,1417428473,4,8,6,31
2169,1417428473,5,0,0,41
2170,1417428473,5,0,1,40
2171,1417428473,5,0,2,18
2172,1417428473,5,0,3,1202
2173,1417428473,5,0,4,80
2174,1417428473,5,0,5,49
2175,1417428473,5,0,6,63
2176,1417428473,5,0,7,28
2177,1417428473,5,0,8,892
2178,1417428473,5,0,9,73
2179,1417428473,5,1,0,47
2180,1417428473,5,1,1,65
2181,1417428473,5,1,2,796
2182,1417428473,5,1,3,593
2183,1417428473,5,1,4,891
2184,1417428473,5,1,5,599
2185,1417428473,5,1,6,601
2186,1417428473,5,1,7,28
2187,1417428473,5,1,8,69
2188,1417428473,5,1,9,1196
2189,1417428473,5,1,10,30
2190,1417428473,5,2,0,28
2191,1417428473,5,2,1,69
2192,1417428473,5,2,2,900
2193,1417428473,5,2,3,159
2194,1417428473,5,2,4,794
2195,1417428473,5,2,5,43
2196,1417428473,5,2,6,151
2197,1417428473,5,2,7,157
2198,1417428473,5,2,8,39
2199,1417428473,5,2,9,597
2200,1417428473,6,0,0,598
2201,1417428473,6,0,1,892
2202,1417428473,6,0,2,796
2203,1417428473,6,0,3,794
2204,1417428473,6,0,4,1205
2205,1417428473,6,0,5,1201
2206,1417428473,6,0,6,35
2207,1417428473,6,1,0,153
2208,1417428473,6,1,1,30
2209,1417428473,6,1,2,308
2210,1417428473,6,1,3,801
2211,1417428473,6,1,4,305
2212,1417428473,6,1,5,51
2213,1417428473,6,1,6,25
2214,1417428473,6,1,7,799
2215,1417428473,6,2,0,1200
2216,1417428473,6,2,1,16
2217,1417428473,6,2,2,47
2218,1417428473,6,2,3,294
2219,1417428473,6,2,4,41
2220,1417428473,6,2,5,906
2221,1417428473,6,2,6,591
2222,1417428473,6,2,7,304
2223,1417428473,6,2,8,799
2224,1417428473,6,2,9,796
2225,1417428473,6,2,10,74
2226,1417428473,6,2,11,1199
2227,1417428473,6,2,12,290
2228,1417428473,6,2,13,893
2229,1417428473,6,2,14,1197
2230,1417428473,6,3,0,69
2231,1417428473,6,3,1,40
2232,1417428473,6,3,2,900
2233,1417428473,6,3,3,32
2234,1417428473,6,3,4,605
2235,1417428473,6,3,5,909
2236,1417428473,6,3,6,42
2237,1417428473,6,3,7,49
2238,1417428473,6,4,0,160
2239,1417428473,6,4,1,70
2240,1417428473,6,4,2,26
2241,1417428473,6,4,3,1193
2242,1417428473,6,4,4,596
2243,1417428473,6,4,5,46
2244,1417428473,6,5,0,605
2245,1417428473,6,5,1,17
2246,1417428473,6,5,2,25
2247,1417428473,6,5,3,16
2248,1417428473,6,5,4,309
2249,1417428473,6,5,5,591
2250,1417428473,6,5,6,296
2251,1417428473,6,5,7,34
2252,1417428473,6,5,8,292
2253,1417428473,6,5,9,142
2254,1417428473,6,5,10,50
2255,1417428473,7,0,0,290
2256,1417428473,7,0,1,70
2257,1417428473,7,0,2,805
2258,1417428473,7,0,3,58
2259,1417428473,7,0,4,71
2260,1417428473,7,1,0,605
2261,1417428473,7,1,1,1203
2262,1417428473,7,1,2,40
2263,1417428473,7,1,3,891
2264,1417428473,7,1,4,1203
2265,1417428473,7,1,5,1195
2266,1417428473,7,1,6,50
2267,1417428473,7,1,7,147
2268,1417428473,7,1,8,793
2269,1417428473,7,1,9,598
2270,1417428473,7,1,10,1194
2271,1417428473,7,2,0,309
2272,1417428473,7,2,1,596
2273,1417428473,7,2,2,606
2274,1417428473,7,2,3,899
2275,1417428473,7,2,4,69
2276,1417428473,7,2,5,41
2277,1417428473,7,3,0,805
2278,1417428473,7,3,1,63
2279,1417428473,7,3,2,904
2280,1417428473,7,3,3,892
2281,1417428473,7,3,4,46
2282,1417428473,7,3,5,295
2283,1417428473,7,3,6,26
2284,1417428473,7,3,7,1203
2285,1417428473,7,4,0,68
2286,1417428473,7,4,1,0
2287,1417428473,7,4,2,160
2288,1417428473,7,4,3,906
2289,1417428473,7,4,4,797
2290,1417428473,7,5,0,790
2291,1417428473,7,5,1,1204
2292,1417428473,7,5,2,64
2293,1417428473,7,5,3,71
2294,1417428473,7,5,4,594
2295,1417428473,7,5,5,38
2296,1417428473,7,5,6,1201
2297,1417428473,7,5,7,61
2298,1417428473,7,6,0,291
2299,1417428473,7,6,1,144
2300,1417428473,7,6,2,793
2301,1417428473,7,6,3,593
2302,1417428473,7,6,4,35
2303,1417428473,7,6,5,298
2304,1417428473,7,6,6,25
2305,1417428473,8,0,0,604
2306,1417428473,8,0,1,790
2307,1417428473,8,0,2,0
2308,1417428473,8,0,3,79
2309,1417428473,8,0,4,1195
2310,1417428473,8,0,5,299
2311,1417428473,8,0,6,594
2312,1417428473,8,0,7,31
2313,1417428473,8,0,8,790
2314,1417428473,8,0,9,1199
2315,1417428473,8,1,0,25
2316,1417428473,8,1,1,57
2317,1417428473,8,1,2,156
2318,1417428473,8,1,3,20
2319,1417428473,8,1,4,796
2320,1417428473,8,1,5,0
2321,1417428473,8,1,6,141
2322,1417428473,8,1,7,1210
2323,1417428473,8,2,0,799
2324,1417428473,8,2,1,63
2325,1417428473,8,2,2,894
2326,1417428473,8,2,3,291
2327,1417428473,8,2,4,143
2328,1417428473,8,2,5,25
2329,1417428473,8,2,6,296
2330,1417428473,8,2,7,144
2331,1417428473,8,2,8,76
2332,1417428473,8,2,9,24
2333,1417428473,8,3,0,792
2334,1417428473,8,3,1,56
2335,1417428473,8,3,2,154
2336,1417428473,8,3,3,150
2337,1417428473,8,3,4,291
2338,1417428473,8,3,5,292
2339,1417428473,8,3,6,19
2340,1417428473,8,3,7,297
2341,1417428473,8,3,8,797
2342,1417428473,9,0,0,290
2343,1417428473,9,0,1,593
2344,1417428473,9,0,2,27
2345,1417428473,9,0,3,26
2346,1417428473,9,0,4,31
2347,1417428473,9,0,5,58
2348,1417428473,9,0,6,60
2349,1417428473,9,0,7,26
2350,1417428473,9,1,0,596
2351,1417428473,9,1,1,892
2352,1417428473,9,1,2,41
2353,1417428473,9,1,3,62
2354,1417428473,9,1,4,1196
2355,1417428473,9,1,5,69
2356,1417428473,9,1,6,160
2357,1417428473,9,1,7,17
2358,1417428473,9,1,8,59
2359,1417428473,9,1,9,1210
